1 0 2
2 1 7
3 2 4
4 3 1
5 5 11
6 6 3

时间片轮转
1 0 3
2 1 6
3 2 4
4 3 5
5 4 2
时间片为1或4

最短进程优先
1 10 2
2 10.2 1
3 10.4 0.5
4 10.5 0.3

完成时间12，13.8，12.8，12.3
平均周转 2.45
平均带权周转 3.85

多级反馈调节（时间片1，2，4）
1 0 3
2 1 8 
3 3 4
4 4 5
5 5 7
完成时间9，27，20，22，26
平均周转时间18.25
平均带权周转时间3.42



我来告诉你关于多级反馈调节算法的一些关键点，然后你修改上面的代码使其逻辑符合。
首先，不同的队列有不同的优先级，进程到达时首先存放在优先级最高的队列中，然后从优先级最高的队列中的进程开始执行。
当一个进程执行完对应队列的时间片后，将其存放在比之前队列优先级低一级的队列中。
若优先级最高的队列中没有就绪进程了，就开始执行比它优先级低一级的队列中的进程。
若进程执行过程中，更高优先级的队列中有就绪队列到达，则停止当前进程，并将其存入其所在队列末尾，然后开始执行更高优先级队列中的进程。
除此之外，若进程已在优先级最低的队列中，则其执行完一个时间片后若还未结束，则将其存入最低优先级末尾。    
请根据以上逻辑修改之前的代码







