117
34 35 36 37 38 39 40 41 42 43 44 45 46 47 48 49 50 51 52 53 54 55 56 57 58 59 60 61 62 63 64 65 66 67 68 69 70 71 72 73 74 75 76 77 78 79 80 81 82 83 84 85 86 87 88 89 90 91 92 93 94 95 96 97 98 99 100 101 102 103 104 105 106 107 108 109 110 111 112 113 114 115 116 117 118 119 120 121 122 123 124 125 126 127 0 1 2 3 4 5 6 7 8 9 10 11 12 13 14 15 16 17 18 19 20 21 28 
0 0
8 0
16 0
24 0
32 0
40 0
48 0
56 0
64 0
72 0
80 0
88 0
96 0
104 0
112 0
120 0
128 0
136 0
144 0
152 0
160 0
168 0
176 8
184 8
192 8
200 8
208 8
216 4
224 0
232 8
240 8
248 8
256 8
264 4
272 0
280 0
288 0
296 0
304 0
312 0
320 0
328 0
336 0
344 0
352 0
360 0
368 0
376 0
384 0
392 0
400 0
408 0
416 0
424 0
432 0
440 0
448 0
456 0
464 0
472 0
480 0
488 0
496 0
504 0
512 0
520 0
528 0
536 0
544 0
552 0
560 0
568 0
576 0
584 0
592 0
600 0
608 0
616 0
624 0
632 0
640 0
648 0
656 0
664 0
672 0
680 0
688 0
696 0
704 0
712 0
720 0
728 0
736 0
744 0
752 0
760 0
768 0
776 0
784 0
792 0
800 0
808 0
816 0
824 0
832 0
840 0
848 0
856 0
864 0
872 0
880 0
888 0
896 0
904 0
912 0
920 0
928 0
936 0
944 0
952 0
960 0
968 0
976 0
984 0
992 0
1000 0
1008 0
1016 0
